V = 1;
R = 10;
C = 10*(10^-6);